-0.12579185481091815 0.00841070807888683 -0.12429641593065366 -0.8556433270058864 -0.45016214761143664 0.10613960752398656 0.6686954007170779 0.2840275358553496 0.23683078325156715 0.390814810624844 -0.1838368135960192 0.20455746731741803 -0.23469749402845852
0.25290488962025764 -0.11570069344254366 -0.3689379335321107 0.038132697709876005 0.47892908045169535 -0.6783863394368784 -0.14932058301669138 0.04985162281433264 0.26783981716480015 0.31557489459615456 -0.2447305717925607 -0.11499096089282826 0.40608835295102497
-0.19845646317978882 -0.3125648031277767 0.16993641849195232 -0.10521144828001194 -0.5570275406688757 -0.42339528663967924 -0.02653896032912193 0.007277306910629208 -0.4111676788761396 0.3001394165945302 0.41024521688466736 -0.20775725593122715 -0.45732149176354403
0.1082805198478858 -0.2763349018883556 -0.05208911112590406 0.19746173721014532 0.30823777420708076 -0.2897331958404345 -0.25196829263272513 0.33676090662504204 -0.4439461262237418 -0.08951655713768285 -0.4150259095380091 -0.07101249110863662 0.3373934816253014
0.41368901107627587 -0.24354775413201937 0.10248432462387443 0.19148833609533833 -0.20477163383908897 -0.15685045563240246 0.16192804450162085 0.20794907306805352 0.1417606190709259 0.0331397121239292 -0.3687411807010645 0.3258271272753881 -0.5681459851507993
-0.7804998844922663 -0.01760391593781835 -0.15909128558548397 -0.5546074734256979 -0.44507199633968286 -0.12206502169347232 0.07346005250165336 0.00495597852776232 0.033153239905787085 -0.17166830286429485 0.42740106329703376 -0.6167278029985402 -0.4484313571894847
-0.8415447642905031 -0.08865705334242426 -0.13186642498328033 0.01955245066660149 0.016675492975206013 0.1227051927414532 0.23547208058785873 0.2629671582464671 0.5707109430992543 0.2256468353172108 0.6159477652932854 -0.18392483515853741 0.0007832052678544699
-0.027360464096934968 -0.1356250427802601 0.6357556038545108 -0.14536234127960584 -0.28211012420010384 -0.7849456471626068 0.021814576009205014 0.710220245423902 0.0022271097806926543 -0.5036474922096928 -0.16579699236018228 0.6091621186423181 0.153874549575446
0.23995987808130528 -0.2351220655789114 0.2032348241773359 -0.09011642029053948 0.6457943143844819 0.06894067359463918 -0.6761596675223548 -0.6620933736314201 0.7307553340483861 -0.6637987531712592 -0.5586020531524849 0.4715619141885485 0.19924230343353716
0.3802647312467928 0.14470520534310582 -0.2009682154694541 -0.47688135010878435 0.08952550484164723 -0.7298324676188759 -0.5765254945963979 0.7516967251982672 0.17988381484730687 0.2572719150469509 -0.4743302608375491 -0.22449750677875918 -0.28926920753733865
-0.5315040805350464 -0.5926760536050221 0.23904437889881808 -0.204532607536099 0.09157979033818038 1.032488505347673 -0.5009797406975453 0.7605230158408999 0.7027053589907998 -0.34368674934968724 0.37120370276940917 -0.08679865473238786 0.18170915594753595
0.593446052644762 -0.22572238332934097 -0.17720123266007037 -0.009944206377281342 0.25982728474926564 -0.5756690105573887 -0.07707947190212514 0.8004375521765698 -0.4677571539874039 0.0514692327409645 -0.401065177049307 0.429912326259345 -0.05137215116396196
-0.08943723500132117 -0.5961445670126629 0.06343871478593219 0.19664057993942743 0.8443022428654189 0.21302314381153598 0.3347333140109871 -0.45684747394639574 -0.8434214721620061 -0.3117695479919828 0.14497002313177343 -0.6424561138700204 -0.017346576923165463