-0.061432747115375864 -0.09879464149596573 -0.005220226362000334 -0.4950451616376814 0.07615494029397646 0.3199615620682011 0.41511646005947145 -0.15308890025758326 0.3259740963069839 0.3590094340181797 -0.17833579503125616 0.6112278374860322 -0.1652723851871969
0.24640390110609967 0.11454834414243191 -0.08829933776263696 -0.1701612495412475 0.037797561427480364 -0.23242439297125422 0.1694212626323855 -0.24508164887307005 0.18310752865142152 0.0910072637709117 -0.0030521007770246272 0.08010612126014913 0.2551036070963227
-0.26518663049438845 -0.08479808353673324 0.39391367617561024 -0.11256839703279908 -0.28529625118456753 -0.20755884203882902 0.23799669796190415 0.17400639577190619 -0.14080053793765668 0.1757490374612062 0.008557804676441794 -0.17506642822592874 -0.24058083558188878
-0.1113959611423277 -0.18479701166412266 0.09060735734222866 0.1503769874892023 0.302645840019405 -0.0840536642285641 -0.28917467118177737 0.10637816935633847 -0.31112259278797016 -0.0013164816997923018 -0.14429618614293618 -0.2113244497123514 -0.21605013249794155
0.029031754505183263 -0.12146517732014102 0.02821439853843065 0.012940243778875564 0.07326383240832825 0.12317783183457724 0.2537402475418398 0.24906225247817457 -0.30494202004696835 0.23591236758487327 -0.301609347637789 0.35050658857229194 -0.47162709065693653
-0.641081581130134 0.2168828593613314 -0.0051493249036915 -0.2839543356815732 0.19466454375005135 -0.29244351021118464 0.0670836020742254 -0.05959290240199539 0.026236749399152742 -0.21138425251911064 0.5203379503490612 -0.3620880769887952 -0.5255827865360436
-0.8464124004823854 -0.10424383804106493 -0.010081791990883167 0.2585225441576988 -0.24222207307389443 0.2892324379404643 0.18369427281964051 0.0758586066456188 0.1420649048836962 0.15668400507356714 0.5232522832189264 -0.14002617514628896 -0.0561013758199679
-0.09456851469275986 -0.023494183861966226 0.2724866292241012 -0.009033869901675061 -0.33195899998281697 -0.344679711116315 -0.2312070147629131 0.7111641482764146 0.1039472510572097 -0.553126634940359 -0.20241769588871264 0.4172874505773737 0.08665707595072572
0.33353035726122543 -0.05219771305822443 0.24348901654306873 -0.048639349009989 0.6143248098744672 0.33095802849213374 -0.6415403994107439 -0.5642944503267477 0.3963005199386839 -0.41691725560344006 -0.29113258109441714 0.3632748355397566 0.10030301602398342
0.46112136092830824 -0.0029460368064024856 -0.04403173983043057 -0.11683885912739131 -0.13493495914822035 -0.4150553398367601 -0.40919531597583103 0.600182872628463 0.2732558145494325 0.24049636596283713 -0.32535195942860784 -0.4282455653955858 0.03451843031637956
-0.6727171209601795 -0.30098521739313056 0.1785806834204761 -0.490720450885014 0.10496622840135757 0.9607285823035778 -0.4150130003611292 0.5471492842132037 0.824999915756522 -0.6878062130374878 0.42733601531212806 0.14614331063117117 -0.03527486385507826
0.28902931780422675 0.0018523016997743086 0.07296165876369859 0.3296575040701737 0.07983860217271185 -0.3737713676567533 -0.16021165182570674 0.5940383266213923 -0.07101471423295513 0.19415549327406825 -0.6397212013203003 0.4387748598253833 0.0010823205426164911
-0.03904116008006782 -0.2560987167169431 -0.11522881506503711 0.12718768798049154 0.33741292215230534 0.30374399919383566 -0.02544808468281859 -0.20493056593469874 -0.9768166235146275 -0.4368041872486643 -0.08134839095205142 -0.5358240189040842 0.18890122226210057