0	.3432931744901824	.11653795116922505
.03318422437259727	.32024237200637073	1.0414876088123357
1.0544485058794728	.4834931452230462	-.5580303931077506
0	.652925545199303	.08955462134385872
.31346003695660585	-.38531220025790813	.6350995614008788
.983464284511053	.4834931452230462	-.9490762718384558
0	.6450918910731909	.09727624801577273
.03318422437259727	0	1.0414876088123357
1.1667057439305255	.4834931452230462	-.5580303931077506
0	.5589396108878251	-.2123886002061841
0	.020549561124386884	1.064462673172431
1.3349094067776823	.4834931452230462	-.6630848038057457
0	.5589396108878251	-.18017223226340207
-.18331187942533123	-.10040816996668789	1.0414876088123357
1.4158376022921242	.7615700738533802	-.6630848038057457
.12525530047356348	.5589396108878251	.08955462134385872
-.010739136873196165	-.36351186523951684	.6350995614008788
1.4158376022921242	.4834931452230462	-.9490762718384558
