.19624176608144128	.8283715364945325	0
.05649500178640121	0	1
1.1423005977200218	.4834931452230462	-.9490762718384558
0	.5589396108878251	.08955462134385872
.36018519685413874	-.38531220025790813	.6350995614008788
1.4158376022921242	.4834931452230462	-.9490762718384558
0	.22708776123231544	.11653795116922505
.03318422437259727	0	1.0414876088123357
.9927199199296219	.4834931452230462	-.5580303931077506
0	.8283715364945325	.15241848537093494
0	.1947650217489072	1
1.1423005977200218	.47460779499044414	-.9490762718384558
0	.8283715364945325	0
.36952285029005383	0	.6578245857803222
1.1423005977200218	.814000545279685	-.9490762718384558
0	.5589396108878251	-.18017223226340207
0	.020549561124386884	1.0414876088123357
1.4158376022921242	.4834931452230462	-.6630848038057457
