0	.5847742954271169	.36842009846864676
0	-.36121659469775524	1
1.4158376022921242	.4834931452230462	-.9490762718384558
0	.5589396108878251	.08955462134385872
.36018519685413874	0	1
1.4158376022921242	.4834931452230462	-.9490762718384558
0	.8283715364945325	0
0	0	1
1.1423005977200218	.4834931452230462	-.9490762718384558
0	.5065765806438904	0
.14429356095563417	0	.9041228072508798
1.6459156863026376	0	-.3337286648981168
0	.5589396108878251	.11653795116922505
0	0	1.0414876088123357
1.4158376022921242	.4834931452230462	-.5580303931077506
0	.5589396108878251	0
-.2232323507709053	-.34987571498679104	1
1.4158376022921242	.8136243784144734	-.9490762718384558
