-.4194356687741778	1	0
-.24312223085080875	0	1
.5761708590523413	0	0
-.4376638177077252	1	0
0	0	1
.5492808552416781	0	-.4344944034246976
0	1	-.11095726095223624
0	0	.9762335506978455
1	.09946928340918348	0
0	1.0450107676915115	0
0	0	1
.6246673306461978	-.2362982761278305	0
0	.5589396108878251	0
0	0	1
1.4158376022921242	0	-.2707922241403511
0	1	0
-.09969394192734149	0	.736589268105077
1	-.3865519659725407	0
0	1	-.4410614955960759
0	.24019293225032978	1
.8340124079173443	0	0
.011981438518013032	1	.45590603145641984
0	0	1
1	0	-.4314413673052828
0	1	-.24667587448036454
0	0	1
1	0	.3103117402828359
0	1	.005837637913640004
0	-.15316302596518372	.7218537005883197
1	0	0
0	1	0
0	0	1
-.55	-.7	0
0	1	0
0	0	1
.45	-.7	0
