0	.3945131922919205	.07349447420750144
0	0	1.3675410303946978
1.4158376022921242	0	-.2707922241403511
-.2816887900272462	1	-.4410614955960759
0	.24019293225032978	1
.673588909111581	0	-.062035281374451134
-.4376638177077252	1	.06278856498261742
-.43075121988659104	0	1
.5492808552416781	.29524538769980113	-.4344944034246976
0	1	-.4410614955960759
0	.20555518347552781	1
.14255707514223936	0	0
0	1	0
-.4787639153035481	0	.736589268105077
.5339221161709904	-.3865519659725407	.09295326837083473
0	.9733168443646949	-.8897658771148789
.4264394864298535	.24019293225032978	1
.8340124079173443	0	0
0	1	-.4410614955960759
0	-.060370901758286966	1.2432338482236116
.5666061663683717	0	0
0	.5589396108878251	0
-.4919376770162234	0	1
1.4158376022921242	.09947929785685528	-.2707922241403511
0	1	-.3253295631152273
.23075698665685573	.24019293225032978	1
.8340124079173443	0	-.31750904050798523
0	1	0
0	0	1
.34469770011041617	-.7	-.4051200702120694
.011981438518013032	.6163509941558134	.5941171112335448
0	0	1.0407649486391506
1	0	-.4314413673052828
0	1	0
-.09969394192734149	0	.736589268105077
1	-.06405256290243067	-.05266715156080615
.3732862682454603	1	-.05578739434585667
0	0	1
1	0	-.4314413673052828
.350331546266357	.5589396108878251	-.45175839625780334
0	0	.8206499989604625
1.4158376022921242	0	-.2707922241403511
0	.9133590692391855	-.4410614955960759
0	.24019293225032978	1
.8340124079173443	0	-.2268193534029097
0	.5589396108878251	0
.14429356095563417	0	.9041228072508798
1.6459156863026376	0	-.2707922241403511
-.05278606666432739	.5589396108878251	0
0	0	1
1.4158376022921242	0	-.2707922241403511
0	.5589396108878251	0
0	0	1
1.4158376022921242	.4834931452230462	-.9490762718384558
